MsgID.GLOBAL_POSITION,0.0000000,-122.3957420,37.7932862,-0.0290000
MsgID.LOCAL_VELOCITY,0.0000000,0.0000000,0.0000000,0.0000000
MsgID.LOCAL_POSITION,1491.2610000,0.5207636,0.2022356,0.0290289
MsgID.LOCAL_VELOCITY,1491.2610000,0.0000000,0.0000000,-0.0000000
MsgID.GLOBAL_HOME,0.0000000,-122.3957443,37.7932815,0.0000000
MsgID.STATE,0.0000000,False,False,1
MsgID.GLOBAL_POSITION,0.0000000,-122.3957429,37.7932851,-0.0010000
MsgID.LOCAL_VELOCITY,0.0000000,0.0000000,0.0000000,0.0000000
MsgID.LOCAL_POSITION,1491.5120000,0.3943626,0.1202896,0.0010666
MsgID.LOCAL_VELOCITY,1491.5120000,0.0000000,0.0000000,-0.0000000
MsgID.GLOBAL_POSITION,0.0000000,-122.3957437,37.7932855,0.0300000
MsgID.LOCAL_VELOCITY,0.0000000,0.0000000,0.0000000,0.0000000
MsgID.LOCAL_POSITION,1491.7620000,0.4418535,0.0553351,-0.0304002
MsgID.LOCAL_VELOCITY,1491.7620000,0.0000000,0.0000000,-0.0000000
MsgID.GLOBAL_POSITION,0.0000000,-122.3957437,37.7932856,0.0520000
MsgID.LOCAL_VELOCITY,0.0000000,0.0000000,0.0000000,0.0000000
MsgID.LOCAL_POSITION,1492.0120000,0.4516647,0.0529240,-0.0523281
MsgID.LOCAL_VELOCITY,1492.0120000,0.0000000,0.0000000,-0.0000000
MsgID.GLOBAL_POSITION,0.0000000,-122.3957449,37.7932836,0.0660000
MsgID.LOCAL_VELOCITY,0.0000000,0.0000000,0.0000000,0.0000000
MsgID.LOCAL_POSITION,1492.2620000,0.2374737,-0.0549230,-0.0668717
MsgID.LOCAL_VELOCITY,1492.2620000,0.0000000,0.0000000,-0.0000000
MsgID.STATE,0.0000000,False,False,1
MsgID.GLOBAL_HOME,0.0000000,-122.3957443,37.7932815,0.0000000
MsgID.GLOBAL_POSITION,0.0000000,-122.3957458,37.7932837,0.0680000
MsgID.LOCAL_VELOCITY,0.0000000,0.0000000,0.0000000,0.0000000
MsgID.LOCAL_POSITION,1492.5120000,0.2461078,-0.1338267,-0.0689697
MsgID.LOCAL_VELOCITY,1492.5120000,0.0000000,0.0000000,-0.0000000
MsgID.GLOBAL_POSITION,0.0000000,-122.3957449,37.7932831,0.0590000
MsgID.LOCAL_VELOCITY,0.0000000,0.0000000,0.0000000,0.0000000
MsgID.LOCAL_POSITION,1492.7620000,0.1805402,-0.0514151,-0.0597601
MsgID.LOCAL_VELOCITY,1492.7620000,0.0000000,0.0000000,-0.0000000
MsgID.GLOBAL_POSITION,0.0000000,-122.3957436,37.7932835,0.0430000
MsgID.LOCAL_VELOCITY,0.0000000,0.0000000,0.0000000,0.0000000
MsgID.LOCAL_POSITION,1493.0130000,0.2171980,0.0579531,-0.0430520
MsgID.LOCAL_VELOCITY,1493.0130000,0.0000000,0.0000000,-0.0000000
MsgID.GLOBAL_POSITION,0.0000000,-122.3957431,37.7932845,0.0180000
MsgID.LOCAL_VELOCITY,0.0000000,0.0000000,0.0000000,-0.0100000
MsgID.LOCAL_POSITION,1493.2630000,-0.0957907,0.1018080,-0.0183387
MsgID.LOCAL_VELOCITY,1493.2630000,0.0004867,-0.0000048,-0.0151833
MsgID.STATE,0.0000000,True,True,1
MsgID.GLOBAL_HOME,0.0000000,-122.3957443,37.7932853,0.0000000
MsgID.GLOBAL_POSITION,0.0000000,-122.3957436,37.7932853,0.0800000
MsgID.LOCAL_VELOCITY,0.0000000,0.0000000,0.0000000,-1.2200000
MsgID.LOCAL_POSITION,1493.5140000,-0.0055495,0.0577255,-0.0807654
MsgID.LOCAL_VELOCITY,1493.5140000,0.0091463,-0.0003106,-1.2271707
MsgID.GLOBAL_POSITION,0.0000000,-122.3957432,37.7932846,0.6940000
MsgID.LOCAL_VELOCITY,0.0000000,0.0000000,0.0000000,-3.5500000
MsgID.LOCAL_POSITION,1493.7640000,-0.0758967,0.0985795,-0.6948655
MsgID.LOCAL_VELOCITY,1493.7640000,-0.0083629,0.0014788,-3.5518568
MsgID.GLOBAL_POSITION,0.0000000,-122.3957422,37.7932834,1.6400000
MsgID.LOCAL_VELOCITY,0.0000000,0.0000000,0.0000000,-4.4200000
MsgID.LOCAL_POSITION,1494.0130000,-0.2101040,0.1843024,-1.6408173
MsgID.LOCAL_VELOCITY,1494.0130000,-0.0079267,-0.0037998,-4.4229922
MsgID.GLOBAL_POSITION,0.0000000,-122.3957447,37.7932834,2.8640000
MsgID.LOCAL_VELOCITY,0.0000000,0.0100000,-0.0100000,-4.2700000
MsgID.LOCAL_POSITION,1494.2640000,-0.2096448,-0.0395769,-2.8647530
MsgID.LOCAL_VELOCITY,1494.2640000,0.0166094,-0.0103510,-4.2729545
MsgID.STATE,0.0000000,True,True,1
MsgID.GLOBAL_HOME,0.0000000,-122.3957443,37.7932853,0.0000000
MsgID.GLOBAL_POSITION,0.0000000,-122.3957442,37.7932844,3.5840000
MsgID.LOCAL_VELOCITY,0.0000000,0.0100000,0.0000000,-1.8100000
MsgID.LOCAL_POSITION,1494.5140000,-0.1024781,0.0026844,-3.5840816
MsgID.LOCAL_VELOCITY,1494.5140000,0.0156712,-0.0097651,-1.8110918
MsgID.GLOBAL_POSITION,0.0000000,-122.3957443,37.7932861,3.7390000
MsgID.LOCAL_VELOCITY,0.0000000,0.0100000,0.0000000,0.7600000
MsgID.LOCAL_POSITION,1494.7640000,0.0865026,0.0010597,-3.7398295
MsgID.LOCAL_VELOCITY,1494.7640000,0.0142826,-0.0089464,0.7617021
MsgID.GLOBAL_POSITION,0.0000000,-122.3957449,37.7932852,3.4730000
MsgID.LOCAL_VELOCITY,0.0000000,0.0000000,0.0000000,1.6000000
MsgID.LOCAL_POSITION,1495.0140000,-0.0158717,-0.0591140,-3.4734342
MsgID.LOCAL_VELOCITY,1495.0140000,0.0009435,-0.0020918,1.6069211
MsgID.GLOBAL_POSITION,0.0000000,-122.3957438,37.7932849,3.0470000
MsgID.LOCAL_VELOCITY,0.0000000,0.0000000,0.0100000,1.6900000
MsgID.LOCAL_POSITION,1495.2640000,-0.0500137,0.0426174,-3.0472105
MsgID.LOCAL_VELOCITY,1495.2640000,-0.0083576,0.0117308,1.6902817
MsgID.STATE,0.0000000,True,True,1
MsgID.GLOBAL_HOME,0.0000000,-122.3957443,37.7932853,0.0000000
MsgID.GLOBAL_POSITION,0.0000000,-122.3957441,37.7932845,2.8940000
MsgID.LOCAL_VELOCITY,0.0000000,0.0000000,0.0100000,0.0200000
MsgID.LOCAL_POSITION,1495.5150000,-0.0936564,0.0164472,-2.8945982
MsgID.LOCAL_VELOCITY,1495.5150000,0.0036049,0.0147966,0.0218148
MsgID.GLOBAL_POSITION,0.0000000,-122.3957436,37.7932849,2.9530000
MsgID.LOCAL_VELOCITY,0.0000000,0.2500000,0.0100000,0.2300000
MsgID.LOCAL_POSITION,1495.7650000,-0.0513072,0.0580049,-2.9532216
MsgID.LOCAL_VELOCITY,1495.7650000,0.2532419,0.0134579,0.2394417
MsgID.GLOBAL_POSITION,0.0000000,-122.3957436,37.7932870,2.9040000
MsgID.LOCAL_VELOCITY,0.0000000,1.5100000,0.0000000,0.2800000
MsgID.LOCAL_POSITION,1496.0160000,0.1905066,0.0572081,-2.9049580
MsgID.LOCAL_VELOCITY,1496.0160000,1.5114888,0.0055052,0.2825705
MsgID.GLOBAL_POSITION,0.0000000,-122.3957436,37.7932918,2.8820000
MsgID.LOCAL_VELOCITY,0.0000000,3.0100000,0.0000000,0.0200000
MsgID.LOCAL_POSITION,1496.2660000,0.7217221,0.0572391,-2.8821714
MsgID.LOCAL_VELOCITY,1496.2660000,3.0104423,-0.0046234,0.0232933
MsgID.STATE,0.0000000,True,True,1
MsgID.GLOBAL_HOME,0.0000000,-122.3957443,37.7932853,0.0000000
MsgID.GLOBAL_POSITION,0.0000000,-122.3957436,37.7932984,2.8880000
MsgID.LOCAL_VELOCITY,0.0000000,4.0600000,-0.0100000,-0.0200000
MsgID.LOCAL_POSITION,1496.5160000,1.4536957,0.0571563,-2.8883247
MsgID.LOCAL_VELOCITY,1496.5160000,4.0625110,-0.0127886,-0.0225188
MsgID.GLOBAL_POSITION,0.0000000,-122.3957434,37.7933118,2.8760000
MsgID.LOCAL_VELOCITY,0.0000000,5.1900000,-0.0200000,-0.0300000
MsgID.LOCAL_POSITION,1496.7660000,2.9378021,0.0779041,-2.8768127
MsgID.LOCAL_VELOCITY,1496.7660000,5.1946421,-0.0241248,-0.0348366
MsgID.GLOBAL_POSITION,0.0000000,-122.3957421,37.7933229,2.8720000
MsgID.LOCAL_VELOCITY,0.0000000,6.1700000,-0.0400000,-0.1500000
MsgID.LOCAL_POSITION,1497.0160000,4.1708136,0.1934708,-2.8725383
MsgID.LOCAL_VELOCITY,1497.0160000,6.1785960,-0.0483304,-0.1556113
MsgID.GLOBAL_POSITION,0.0000000,-122.3957438,37.7933377,2.8750000
MsgID.LOCAL_VELOCITY,0.0000000,7.1500000,-0.1300000,-0.1400000
MsgID.LOCAL_POSITION,1497.2660000,5.8171186,0.0396165,-2.8752191
MsgID.LOCAL_VELOCITY,1497.2660000,7.1584020,-0.1346164,-0.1448819
MsgID.STATE,0.0000000,True,True,1
MsgID.GLOBAL_HOME,0.0000000,-122.3957443,37.7932853,0.0000000
MsgID.GLOBAL_POSITION,0.0000000,-122.3957447,37.7933552,2.8750000
MsgID.LOCAL_VELOCITY,0.0000000,7.3600000,-0.1000000,-0.1600000
MsgID.LOCAL_POSITION,1497.5160000,7.7622228,-0.0423192,-2.8750877
MsgID.LOCAL_VELOCITY,1497.5160000,7.3682075,-0.1012354,-0.1623126
MsgID.LOCAL_POSITION,1497.7670000,9.6128101,0.0068339,-2.8807845
MsgID.LOCAL_VELOCITY,1497.7670000,5.6933775,-0.0143611,-0.0884131
MsgID.GLOBAL_POSITION,0.0000000,-122.3957442,37.7933718,2.8800000
MsgID.LOCAL_VELOCITY,0.0000000,5.6900000,-0.0100000,-0.0800000
MsgID.LOCAL_POSITION,1498.0180000,10.6807003,0.0143569,-2.8767500
MsgID.LOCAL_VELOCITY,1498.0180000,4.0031166,-0.0035097,-0.0899414
MsgID.GLOBAL_POSITION,0.0000000,-122.3957441,37.7933814,2.8760000
MsgID.LOCAL_VELOCITY,0.0000000,4.0000000,0.0000000,-0.0800000
MsgID.LOCAL_POSITION,1498.2670000,11.4517050,-0.0258969,-2.8902764
MsgID.LOCAL_VELOCITY,1498.2670000,2.3874660,0.0073547,-0.0950391
MsgID.GLOBAL_POSITION,0.0000000,-122.3957446,37.7933884,2.8900000
MsgID.LOCAL_VELOCITY,0.0000000,2.3800000,0.0000000,-0.0900000
MsgID.STATE,0.0000000,True,True,1
MsgID.GLOBAL_HOME,0.0000000,-122.3957443,37.7932853,0.0000000
MsgID.LOCAL_POSITION,1498.5180000,11.7989397,-0.0222233,-2.8963692
MsgID.LOCAL_VELOCITY,1498.5180000,1.0932188,0.0255228,0.0096951
MsgID.GLOBAL_POSITION,0.0000000,-122.3957445,37.7933915,2.8960000
MsgID.LOCAL_VELOCITY,0.0000000,1.0900000,0.0200000,0.0000000
MsgID.LOCAL_POSITION,1498.7680000,11.8922653,-0.0138000,-2.8919404
MsgID.LOCAL_VELOCITY,1498.7680000,-0.3660341,0.0394970,0.0058711
MsgID.GLOBAL_POSITION,0.0000000,-122.3957444,37.7933924,2.8910000
MsgID.LOCAL_VELOCITY,0.0000000,-0.3600000,0.0300000,0.0000000
MsgID.LOCAL_POSITION,1499.0170000,11.6505938,-0.0071152,-2.8961978
MsgID.LOCAL_VELOCITY,1499.0170000,-1.5507723,0.0442970,0.0059615
MsgID.GLOBAL_POSITION,0.0000000,-122.3957444,37.7933902,2.8960000
MsgID.LOCAL_VELOCITY,0.0000000,-1.5500000,0.0400000,0.0000000
MsgID.LOCAL_POSITION,1499.2690000,10.9767761,-0.0346927,-2.8994291
MsgID.LOCAL_VELOCITY,1499.2690000,-2.4655061,0.0474036,0.0086639
MsgID.GLOBAL_POSITION,0.0000000,-122.3957447,37.7933841,2.8990000
MsgID.LOCAL_VELOCITY,0.0000000,-2.4600000,0.0400000,0.0000000
MsgID.STATE,0.0000000,True,True,1
MsgID.GLOBAL_HOME,0.0000000,-122.3957443,37.7932853,0.0000000
MsgID.LOCAL_POSITION,1499.5190000,10.5635157,0.0976378,-2.8940115
MsgID.LOCAL_VELOCITY,1499.5190000,-2.2645888,0.0563324,0.0486955
MsgID.GLOBAL_POSITION,0.0000000,-122.3957432,37.7933804,2.8940000
MsgID.LOCAL_VELOCITY,0.0000000,-2.2600000,0.0500000,0.0400000
MsgID.LOCAL_POSITION,1499.7690000,10.1878500,0.1551003,-2.8877850
MsgID.LOCAL_VELOCITY,1499.7690000,-1.5466517,-0.0398671,0.0441807
MsgID.GLOBAL_POSITION,0.0000000,-122.3957425,37.7933770,2.8870000
MsgID.LOCAL_VELOCITY,0.0000000,-1.5400000,-0.0300000,0.0400000
MsgID.LOCAL_POSITION,1500.0190000,9.9193316,0.1127148,-2.8938937
MsgID.LOCAL_VELOCITY,1500.0190000,-0.7918428,-0.0547414,-0.0481107
MsgID.GLOBAL_POSITION,0.0000000,-122.3957430,37.7933746,2.8930000
MsgID.LOCAL_VELOCITY,0.0000000,-0.7900000,-0.0500000,-0.0400000
MsgID.LOCAL_POSITION,1500.2690000,9.6310940,0.0742409,-2.8963664
MsgID.LOCAL_VELOCITY,1500.2690000,-0.3078963,-0.0323636,0.0491737
MsgID.GLOBAL_POSITION,0.0000000,-122.3957434,37.7933720,2.8960000
MsgID.LOCAL_VELOCITY,0.0000000,-0.3000000,-0.0300000,0.0400000
MsgID.STATE,0.0000000,True,True,1
MsgID.GLOBAL_HOME,0.0000000,-122.3957443,37.7932853,0.0000000
MsgID.LOCAL_POSITION,1500.5200000,9.5007734,-0.0035762,-2.8898659
MsgID.LOCAL_VELOCITY,1500.5200000,-0.1409340,-0.0218910,-0.0123999
MsgID.GLOBAL_POSITION,0.0000000,-122.3957443,37.7933708,2.8890000
MsgID.LOCAL_VELOCITY,0.0000000,-0.1400000,-0.0200000,-0.0100000
MsgID.LOCAL_POSITION,1500.7700000,9.5948887,-0.0352308,-2.8902185
MsgID.LOCAL_VELOCITY,1500.7700000,-0.0312451,-0.0078425,0.0361525
MsgID.GLOBAL_POSITION,0.0000000,-122.3957447,37.7933717,2.8900000
MsgID.LOCAL_VELOCITY,0.0000000,-0.0300000,0.0000000,0.0300000
MsgID.LOCAL_POSITION,1501.0200000,9.4825869,-0.1472791,-2.8794537
MsgID.LOCAL_VELOCITY,1501.0200000,0.0191447,0.0035647,-0.0285114
MsgID.GLOBAL_POSITION,0.0000000,-122.3957459,37.7933707,2.8790000
MsgID.LOCAL_VELOCITY,0.0000000,0.0100000,0.0000000,-0.0200000
MsgID.LOCAL_POSITION,1501.2700000,9.3779621,0.0434970,-2.8842313
MsgID.LOCAL_VELOCITY,1501.2700000,0.1256174,0.0388877,-0.0085696
MsgID.GLOBAL_POSITION,0.0000000,-122.3957438,37.7933697,2.8840000
MsgID.LOCAL_VELOCITY,0.0000000,0.1200000,0.0300000,0.0000000
MsgID.STATE,0.0000000,True,True,1
MsgID.GLOBAL_HOME,0.0000000,-122.3957443,37.7932853,0.0000000
MsgID.GLOBAL_POSITION,0.0000000,-122.3957430,37.7933715,2.8880000
MsgID.LOCAL_VELOCITY,0.0000000,0.4800000,0.0200000,-0.0500000
MsgID.LOCAL_POSITION,1501.5220000,9.5755835,0.1094863,-2.8888216
MsgID.LOCAL_VELOCITY,1501.5220000,0.4896427,0.0240864,-0.0525942
MsgID.GLOBAL_POSITION,0.0000000,-122.3957443,37.7933743,2.9010000
MsgID.LOCAL_VELOCITY,0.0000000,0.3300000,0.0000000,0.0400000
MsgID.LOCAL_POSITION,1501.7710000,9.8882751,0.0007183,-2.9016299
MsgID.LOCAL_VELOCITY,1501.7710000,0.3352928,-0.0003817,0.0487547
MsgID.GLOBAL_POSITION,0.0000000,-122.3957440,37.7933731,2.8950000
MsgID.LOCAL_VELOCITY,0.0000000,0.1100000,0.0000000,0.0700000
MsgID.LOCAL_POSITION,1502.0210000,9.7527742,0.0228216,-2.8954508
MsgID.LOCAL_VELOCITY,1502.0210000,0.1122897,-0.0020974,0.0741815
MsgID.GLOBAL_POSITION,0.0000000,-122.3957438,37.7933724,2.8950000
MsgID.LOCAL_VELOCITY,0.0000000,0.0600000,0.0000000,0.1000000
MsgID.LOCAL_POSITION,1502.2720000,9.6717615,0.0414584,-2.8955052
MsgID.LOCAL_VELOCITY,1502.2720000,0.0671420,-0.0048145,0.1098012
MsgID.STATE,0.0000000,True,True,1
MsgID.GLOBAL_HOME,0.0000000,-122.3957443,37.7932853,0.0000000
MsgID.LOCAL_POSITION,1502.5220000,9.6919794,-0.0269730,-2.9057381
MsgID.LOCAL_VELOCITY,1502.5220000,0.0651328,-0.0036255,0.0688571
MsgID.GLOBAL_POSITION,0.0000000,-122.3957446,37.7933725,2.9050000
MsgID.LOCAL_VELOCITY,0.0000000,0.0600000,0.0000000,0.0600000
MsgID.LOCAL_POSITION,1502.7720000,9.8384686,-0.0173701,-2.9077702
MsgID.LOCAL_VELOCITY,1502.7720000,0.0499784,0.0050099,0.1540619
MsgID.GLOBAL_POSITION,0.0000000,-122.3957445,37.7933739,2.9070000
MsgID.LOCAL_VELOCITY,0.0000000,0.0400000,0.0000000,0.1500000
MsgID.LOCAL_POSITION,1503.0220000,9.8305454,-0.1442264,-2.8992226
MsgID.LOCAL_VELOCITY,1503.0220000,0.0315971,0.0093300,0.1503369
MsgID.GLOBAL_POSITION,0.0000000,-122.3957459,37.7933738,2.8990000
MsgID.LOCAL_VELOCITY,0.0000000,0.0300000,0.0000000,0.1500000
MsgID.GLOBAL_POSITION,0.0000000,-122.3957436,37.7933735,2.8900000
MsgID.LOCAL_VELOCITY,0.0000000,0.0100000,0.0100000,0.0900000
MsgID.LOCAL_POSITION,1503.2730000,9.7955828,0.0574564,-2.8905973
MsgID.LOCAL_VELOCITY,1503.2730000,0.0187597,0.0184066,0.0919449
MsgID.STATE,0.0000000,True,True,1
MsgID.GLOBAL_HOME,0.0000000,-122.3957443,37.7932853,0.0000000
MsgID.GLOBAL_POSITION,0.0000000,-122.3957435,37.7933741,2.8890000
MsgID.LOCAL_VELOCITY,0.0000000,0.0200000,0.0000000,0.0100000
MsgID.LOCAL_POSITION,1503.5230000,9.8644609,0.0645552,-2.8893170
MsgID.LOCAL_VELOCITY,1503.5230000,0.0209471,0.0072989,0.0167048
MsgID.GLOBAL_POSITION,0.0000000,-122.3957455,37.7933732,2.8890000
MsgID.LOCAL_VELOCITY,0.0000000,0.0200000,0.3000000,0.0000000
MsgID.LOCAL_POSITION,1503.7730000,9.7631540,-0.1047384,-2.8897264
MsgID.LOCAL_VELOCITY,1503.7730000,0.0247452,0.3027810,0.0041437
MsgID.GLOBAL_POSITION,0.0000000,-122.3957415,37.7933729,2.8770000
MsgID.LOCAL_VELOCITY,0.0000000,0.0300000,1.5300000,-0.0700000
MsgID.LOCAL_POSITION,1504.0230000,9.7308426,0.2505401,-2.8772440
MsgID.LOCAL_VELOCITY,1504.0230000,0.0352743,1.5335717,-0.0709707
MsgID.GLOBAL_POSITION,0.0000000,-122.3957367,37.7933734,2.8790000
MsgID.LOCAL_VELOCITY,0.0000000,0.0500000,2.8300000,-0.1700000
MsgID.LOCAL_POSITION,1504.2730000,9.7876663,0.6705041,-2.8796661
MsgID.LOCAL_VELOCITY,1504.2730000,0.0597299,2.8380919,-0.1782386
MsgID.STATE,0.0000000,True,True,1
MsgID.GLOBAL_HOME,0.0000000,-122.3957443,37.7932853,0.0000000
MsgID.LOCAL_POSITION,1504.5240000,10.0179033,1.5028987,-2.8822372
MsgID.LOCAL_VELOCITY,1504.5240000,0.0708440,3.9329023,-0.1270271
MsgID.GLOBAL_POSITION,0.0000000,-122.3957274,37.7933755,2.8820000
MsgID.LOCAL_VELOCITY,0.0000000,0.0700000,3.9300000,-0.1200000
MsgID.LOCAL_POSITION,1504.7740000,10.0614681,2.7854114,-2.8780048
MsgID.LOCAL_VELOCITY,1504.7740000,0.0270832,5.0126338,-0.1426599
MsgID.GLOBAL_POSITION,0.0000000,-122.3957129,37.7933759,2.8780000
MsgID.LOCAL_VELOCITY,0.0000000,0.0200000,5.0100000,-0.1400000
MsgID.LOCAL_POSITION,1505.0240000,10.1087589,4.1496840,-2.8748639
MsgID.LOCAL_VELOCITY,1505.0240000,-0.0416053,6.0224819,-0.1832361
MsgID.GLOBAL_POSITION,0.0000000,-122.3956976,37.7933763,2.8740000
MsgID.LOCAL_VELOCITY,0.0000000,-0.0400000,6.0200000,-0.1800000
MsgID.GLOBAL_POSITION,0.0000000,-122.3956782,37.7933760,2.8760000
MsgID.LOCAL_VELOCITY,0.0000000,-0.1100000,6.9000000,-0.0700000
MsgID.LOCAL_POSITION,1505.2750000,10.0757742,5.8771715,-2.8761790
MsgID.LOCAL_VELOCITY,1505.2750000,-0.1196555,6.9054084,-0.0781732
MsgID.STATE,0.0000000,True,True,1
MsgID.GLOBAL_HOME,0.0000000,-122.3957443,37.7932853,0.0000000
MsgID.GLOBAL_POSITION,0.0000000,-122.3956583,37.7933749,2.8790000
MsgID.LOCAL_VELOCITY,0.0000000,-0.2000000,7.0600000,-0.1300000
MsgID.LOCAL_POSITION,1505.5250000,9.9480734,7.6431541,-2.8799419
MsgID.LOCAL_VELOCITY,1505.5250000,-0.2099523,7.0604005,-0.1374040
MsgID.GLOBAL_POSITION,0.0000000,-122.3956424,37.7933740,2.8980000
MsgID.LOCAL_VELOCITY,0.0000000,-0.1500000,5.6700000,-0.1000000
MsgID.LOCAL_POSITION,1505.7750000,9.8529043,9.0533094,-2.8984516
MsgID.LOCAL_VELOCITY,1505.7750000,-0.1548991,5.6717443,-0.1085664
MsgID.GLOBAL_POSITION,0.0000000,-122.3956260,37.7933723,2.8970000
MsgID.LOCAL_VELOCITY,0.0000000,-0.0500000,4.0700000,0.0200000
MsgID.LOCAL_POSITION,1506.0250000,9.6600428,10.5092030,-2.8975708
MsgID.LOCAL_VELOCITY,1506.0250000,-0.0559191,4.0735598,0.0264108
MsgID.GLOBAL_POSITION,0.0000000,-122.3956168,37.7933719,2.8980000
MsgID.LOCAL_VELOCITY,0.0000000,0.0200000,2.5500000,0.0200000
MsgID.LOCAL_POSITION,1506.2750000,9.6155596,11.3299875,-2.8985045
MsgID.LOCAL_VELOCITY,1506.2750000,0.0243681,2.5563521,0.0291891
MsgID.STATE,0.0000000,True,True,1
MsgID.GLOBAL_HOME,0.0000000,-122.3957443,37.7932853,0.0000000
MsgID.GLOBAL_POSITION,0.0000000,-122.3956135,37.7933725,2.9030000
MsgID.LOCAL_VELOCITY,0.0000000,0.1500000,1.0900000,0.0500000
MsgID.LOCAL_POSITION,1506.5250000,9.6866312,11.6269341,-2.9036205
MsgID.LOCAL_VELOCITY,1506.5250000,0.1597022,1.0965484,0.0516308
MsgID.GLOBAL_POSITION,0.0000000,-122.3956132,37.7933732,2.9050000
MsgID.LOCAL_VELOCITY,0.0000000,0.2200000,-0.2300000,0.0600000
MsgID.LOCAL_POSITION,1506.7750000,9.7690201,11.6534557,-2.9056046
MsgID.LOCAL_VELOCITY,1506.7750000,0.2293583,-0.2317773,0.0664127
MsgID.GLOBAL_POSITION,0.0000000,-122.3956146,37.7933757,2.9060000
MsgID.LOCAL_VELOCITY,0.0000000,0.2100000,-1.5300000,0.0400000
MsgID.LOCAL_POSITION,1507.0260000,10.0459270,11.5236712,-2.9060380
MsgID.LOCAL_VELOCITY,1507.0260000,0.2150616,-1.5351853,0.0402765
MsgID.GLOBAL_POSITION,0.0000000,-122.3956197,37.7933757,2.9050000
MsgID.LOCAL_VELOCITY,0.0000000,0.0000000,-2.1400000,0.1100000
MsgID.LOCAL_POSITION,1507.2760000,10.0469809,11.0689898,-2.9051695
MsgID.LOCAL_VELOCITY,1507.2760000,0.0034825,-2.1431789,0.1186084
MsgID.STATE,0.0000000,True,True,1
MsgID.GLOBAL_HOME,0.0000000,-122.3957443,37.7932853,0.0000000
MsgID.GLOBAL_POSITION,0.0000000,-122.3956255,37.7933740,2.8950000
MsgID.LOCAL_VELOCITY,0.0000000,-0.1600000,-2.0100000,0.1200000
MsgID.LOCAL_POSITION,1507.5250000,9.8547668,10.5562763,-2.8958585
MsgID.LOCAL_VELOCITY,1507.5250000,-0.1675976,-2.0138934,0.1221182
MsgID.GLOBAL_POSITION,0.0000000,-122.3956303,37.7933734,2.8940000
MsgID.LOCAL_VELOCITY,0.0000000,-0.0700000,-1.3500000,0.0700000
MsgID.LOCAL_POSITION,1507.7760000,9.7911129,10.1353807,-2.8940983
MsgID.LOCAL_VELOCITY,1507.7760000,-0.0734451,-1.3527068,0.0791784
MsgID.GLOBAL_POSITION,0.0000000,-122.3956330,37.7933745,2.8990000
MsgID.LOCAL_VELOCITY,0.0000000,0.0000000,-0.5900000,0.0200000
MsgID.LOCAL_POSITION,1508.0270000,9.9052782,9.8894606,-2.8998837
MsgID.LOCAL_VELOCITY,1508.0270000,0.0054630,-0.5935227,0.0238097
MsgID.GLOBAL_POSITION,0.0000000,-122.3956341,37.7933741,2.9030000
MsgID.LOCAL_VELOCITY,0.0000000,0.0000000,-0.2600000,0.0500000
MsgID.LOCAL_POSITION,1508.2760000,9.8620167,9.7922716,-2.9030619
MsgID.LOCAL_VELOCITY,1508.2760000,-0.0001322,-0.2637804,0.0559293
MsgID.STATE,0.0000000,True,True,1
MsgID.GLOBAL_HOME,0.0000000,-122.3957443,37.7932853,0.0000000
MsgID.GLOBAL_POSITION,0.0000000,-122.3956346,37.7933740,2.8860000
MsgID.LOCAL_VELOCITY,0.0000000,0.0000000,-0.0800000,0.0600000
MsgID.LOCAL_POSITION,1508.5270000,9.8586340,9.7474651,-2.8868413
MsgID.LOCAL_VELOCITY,1508.5270000,0.0010707,-0.0894490,0.0684270
MsgID.GLOBAL_POSITION,0.0000000,-122.3956347,37.7933730,2.8850000
MsgID.LOCAL_VELOCITY,0.0000000,0.0000000,-0.0100000,-0.0200000
MsgID.LOCAL_POSITION,1508.7770000,9.7395611,9.7365894,-2.8859375
MsgID.LOCAL_VELOCITY,1508.7770000,0.0024351,-0.0124239,-0.0276622
MsgID.GLOBAL_POSITION,0.0000000,-122.3956347,37.7933749,2.8850000
MsgID.LOCAL_VELOCITY,0.0000000,0.0100000,0.0200000,-0.0700000
MsgID.LOCAL_POSITION,1509.0270000,9.9535580,9.7402010,-2.8859584
MsgID.LOCAL_VELOCITY,1509.0270000,0.0119819,0.0286820,-0.0736180
MsgID.GLOBAL_POSITION,0.0000000,-122.3956345,37.7933749,2.8830000
MsgID.LOCAL_VELOCITY,0.0000000,0.0000000,0.0300000,-0.1000000
MsgID.LOCAL_POSITION,1509.2780000,9.9575291,9.7598410,-2.8837202
MsgID.LOCAL_VELOCITY,1509.2780000,0.0075313,0.0395299,-0.1077679
MsgID.STATE,0.0000000,True,True,1
MsgID.GLOBAL_HOME,0.0000000,-122.3957443,37.7932853,0.0000000
MsgID.GLOBAL_POSITION,0.0000000,-122.3956334,37.7933732,2.8660000
MsgID.LOCAL_VELOCITY,0.0000000,0.0000000,0.0300000,-0.1000000
MsgID.LOCAL_POSITION,1509.5280000,9.7671833,9.8588924,-2.8662641
MsgID.LOCAL_VELOCITY,1509.5280000,-0.0012287,0.0395856,-0.1003358
MsgID.GLOBAL_POSITION,0.0000000,-122.3956324,37.7933752,2.8670000
MsgID.LOCAL_VELOCITY,0.0000000,0.0100000,0.0300000,-0.1700000
MsgID.LOCAL_POSITION,1509.7780000,9.9828043,9.9483404,-2.8678384
MsgID.LOCAL_VELOCITY,1509.7780000,0.0124859,0.0342184,-0.1725872
MsgID.GLOBAL_POSITION,0.0000000,-122.3956339,37.7933752,2.8680000
MsgID.LOCAL_VELOCITY,0.0000000,0.0000000,0.0200000,-0.1400000
MsgID.LOCAL_POSITION,1510.0280000,9.9830818,9.8068523,-2.8687556
MsgID.LOCAL_VELOCITY,1510.0280000,0.0017886,0.0275268,-0.1446167
MsgID.GLOBAL_POSITION,0.0000000,-122.3956355,37.7933745,2.8770000
MsgID.LOCAL_VELOCITY,0.0000000,0.0000000,0.0300000,-0.1700000
MsgID.LOCAL_POSITION,1510.2790000,9.9041910,9.6661091,-2.8776550
MsgID.LOCAL_VELOCITY,1510.2790000,-0.0099921,0.0335734,-0.1733460
MsgID.STATE,0.0000000,True,True,1
MsgID.GLOBAL_HOME,0.0000000,-122.3957443,37.7932853,0.0000000
MsgID.GLOBAL_POSITION,0.0000000,-122.3956350,37.7933745,2.8860000
MsgID.LOCAL_VELOCITY,0.0000000,0.0000000,0.0500000,-0.0800000
MsgID.LOCAL_POSITION,1510.5290000,9.9048767,9.7135134,-2.8863823
MsgID.LOCAL_VELOCITY,1510.5290000,-0.0002921,0.0516720,-0.0868110
MsgID.GLOBAL_POSITION,0.0000000,-122.3956326,37.7933743,2.8910000
MsgID.LOCAL_VELOCITY,0.0000000,0.0000000,0.0500000,-0.0900000
MsgID.LOCAL_POSITION,1510.7790000,9.8817167,9.9279757,-2.8916535
MsgID.LOCAL_VELOCITY,1510.7790000,0.0036310,0.0541822,-0.0965378
MsgID.GLOBAL_POSITION,0.0000000,-122.3956346,37.7933758,2.8930000
MsgID.LOCAL_VELOCITY,0.0000000,0.0000000,0.0300000,0.0000000
MsgID.LOCAL_POSITION,1511.0280000,10.0588551,9.7507553,-2.8939042
MsgID.LOCAL_VELOCITY,1511.0280000,0.0031237,0.0390956,0.0070593
MsgID.GLOBAL_POSITION,0.0000000,-122.3956359,37.7933756,2.8910000
MsgID.LOCAL_VELOCITY,0.0000000,0.0000000,0.0400000,0.0100000
MsgID.LOCAL_POSITION,1511.2790000,10.0330439,9.6335230,-2.8910279
MsgID.LOCAL_VELOCITY,1511.2790000,-0.0094070,0.0423491,0.0167857
MsgID.STATE,0.0000000,True,True,1
MsgID.GLOBAL_HOME,0.0000000,-122.3957443,37.7932853,0.0000000
MsgID.GLOBAL_POSITION,0.0000000,-122.3956351,37.7933733,2.8920000
MsgID.LOCAL_VELOCITY,0.0000000,-0.0200000,0.0500000,-0.0400000
MsgID.LOCAL_POSITION,1511.5300000,9.7785473,9.7007542,-2.8929780
MsgID.LOCAL_VELOCITY,1511.5300000,-0.0206662,0.0573415,-0.0405688
MsgID.GLOBAL_POSITION,0.0000000,-122.3956344,37.7933740,2.8930000
MsgID.LOCAL_VELOCITY,0.0000000,0.0000000,0.0500000,0.0000000
MsgID.LOCAL_POSITION,1511.7800000,9.8565836,9.7681398,-2.8939066
MsgID.LOCAL_VELOCITY,1511.7800000,-0.0010952,0.0594713,-0.0071358
MsgID.GLOBAL_POSITION,0.0000000,-122.3956326,37.7933757,2.8990000
MsgID.LOCAL_VELOCITY,0.0000000,0.0000000,0.0400000,0.0300000
MsgID.LOCAL_POSITION,1512.0300000,10.0377970,9.9223261,-2.8999155
MsgID.LOCAL_VELOCITY,1512.0300000,0.0065700,0.0494798,0.0382810
MsgID.GLOBAL_POSITION,0.0000000,-122.3956319,37.7933758,2.8980000
MsgID.LOCAL_VELOCITY,0.0000000,0.0000000,0.0300000,0.0400000
MsgID.LOCAL_POSITION,1512.2800000,10.0505638,9.9908190,-2.8989472
MsgID.LOCAL_VELOCITY,1512.2800000,-0.0085061,0.0339948,0.0473973
MsgID.STATE,0.0000000,True,True,1
MsgID.GLOBAL_HOME,0.0000000,-122.3957443,37.7932853,0.0000000
MsgID.GLOBAL_POSITION,0.0000000,-122.3956335,37.7933748,2.8930000
MsgID.LOCAL_VELOCITY,0.0000000,-0.0200000,0.0100000,0.0400000
MsgID.LOCAL_POSITION,1512.5290000,9.9467926,9.8488445,-2.8931003
MsgID.LOCAL_VELOCITY,1512.5290000,-0.0215457,0.0186987,0.0400973
MsgID.GLOBAL_POSITION,0.0000000,-122.3956330,37.7933743,2.8970000
MsgID.LOCAL_VELOCITY,0.0000000,-0.3500000,0.0200000,0.0200000
MsgID.LOCAL_POSITION,1512.7800000,9.8900471,9.8873701,-2.8970933
MsgID.LOCAL_VELOCITY,1512.7800000,-0.3554826,0.0269907,0.0244045
MsgID.GLOBAL_POSITION,0.0000000,-122.3956329,37.7933716,2.9010000
MsgID.LOCAL_VELOCITY,0.0000000,-1.7900000,0.0400000,0.0700000
MsgID.LOCAL_POSITION,1513.0310000,9.5833321,9.8996019,-2.9014199
MsgID.LOCAL_VELOCITY,1513.0310000,-1.7924608,0.0422476,0.0778758
MsgID.GLOBAL_POSITION,0.0000000,-122.3956331,37.7933664,2.9180000
MsgID.LOCAL_VELOCITY,0.0000000,-2.9400000,0.0500000,0.0900000
MsgID.LOCAL_POSITION,1513.2810000,9.0103426,9.8846378,-2.9180095
MsgID.LOCAL_VELOCITY,1513.2810000,-2.9419377,0.0522792,0.0943559
MsgID.STATE,0.0000000,True,True,1
MsgID.GLOBAL_HOME,0.0000000,-122.3957443,37.7932853,0.0000000
MsgID.GLOBAL_POSITION,0.0000000,-122.3956322,37.7933598,2.9190000
MsgID.LOCAL_VELOCITY,0.0000000,-4.0400000,0.0600000,0.2200000
MsgID.LOCAL_POSITION,1513.5310000,8.2706404,9.9632730,-2.9191864
MsgID.LOCAL_VELOCITY,1513.5310000,-4.0449295,0.0624571,0.2256795
MsgID.GLOBAL_POSITION,0.0000000,-122.3956304,37.7933497,2.9150000
MsgID.LOCAL_VELOCITY,0.0000000,-5.0600000,0.0500000,0.1600000
MsgID.LOCAL_POSITION,1513.7810000,7.1492772,10.1230984,-2.9151280
MsgID.LOCAL_VELOCITY,1513.7810000,-5.0614319,0.0547293,0.1645225
MsgID.GLOBAL_POSITION,0.0000000,-122.3956312,37.7933352,2.9160000
MsgID.LOCAL_VELOCITY,0.0000000,-6.0800000,0.0000000,0.2100000
MsgID.LOCAL_POSITION,1514.0310000,5.5471387,10.0536728,-2.9161267
MsgID.LOCAL_VELOCITY,1514.0310000,-6.0864706,0.0025054,0.2110837
MsgID.GLOBAL_POSITION,0.0000000,-122.3956323,37.7933215,2.9080000
MsgID.LOCAL_VELOCITY,0.0000000,-6.9600000,-0.0100000,0.1800000
MsgID.LOCAL_POSITION,1514.2810000,4.0145392,9.9494896,-2.9088461
MsgID.LOCAL_VELOCITY,1514.2810000,-6.9646730,-0.0196314,0.1836100
MsgID.STATE,0.0000000,True,True,1
MsgID.GLOBAL_HOME,0.0000000,-122.3957443,37.7932853,0.0000000
MsgID.GLOBAL_POSITION,0.0000000,-122.3956323,37.7933041,2.9000000
MsgID.LOCAL_VELOCITY,0.0000000,-7.2000000,0.0500000,0.1000000
MsgID.LOCAL_POSITION,1514.5310000,2.0871236,9.9546423,-2.9003074
MsgID.LOCAL_VELOCITY,1514.5310000,-7.2028818,0.0560730,0.1091239
MsgID.GLOBAL_POSITION,0.0000000,-122.3956304,37.7932903,2.8830000
MsgID.LOCAL_VELOCITY,0.0000000,-5.7000000,0.0700000,0.0800000
MsgID.LOCAL_POSITION,1514.7820000,0.5531335,10.1179237,-2.8836010
MsgID.LOCAL_VELOCITY,1514.7820000,-5.7027588,0.0771744,0.0897466
MsgID.GLOBAL_POSITION,0.0000000,-122.3956316,37.7932792,2.8820000
MsgID.LOCAL_VELOCITY,0.0000000,-3.7000000,0.0100000,-0.0400000
MsgID.LOCAL_POSITION,1515.0320000,-0.6813398,10.0185108,-2.8820903
MsgID.LOCAL_VELOCITY,1515.0320000,-3.7012806,0.0185697,-0.0435261
MsgID.LOCAL_POSITION,1515.2830000,-1.3806201,9.9812269,-2.8873162
MsgID.LOCAL_VELOCITY,1515.2830000,-2.2807794,0.0154095,-0.0779951
MsgID.GLOBAL_POSITION,0.0000000,-122.3956320,37.7932729,2.8870000
MsgID.LOCAL_VELOCITY,0.0000000,-2.2800000,0.0100000,-0.0700000
MsgID.STATE,0.0000000,True,True,1
MsgID.GLOBAL_HOME,0.0000000,-122.3957443,37.7932853,0.0000000
MsgID.GLOBAL_POSITION,0.0000000,-122.3956321,37.7932687,2.8790000
MsgID.LOCAL_VELOCITY,0.0000000,-0.7400000,0.0300000,-0.0900000
MsgID.LOCAL_POSITION,1515.5320000,-1.8516102,9.9718409,-2.8793967
MsgID.LOCAL_VELOCITY,1515.5320000,-0.7448479,0.0300692,-0.0911899
MsgID.GLOBAL_POSITION,0.0000000,-122.3956334,37.7932689,2.8780000
MsgID.LOCAL_VELOCITY,0.0000000,0.5100000,0.0500000,-0.1000000
MsgID.LOCAL_POSITION,1515.7830000,-1.8285793,9.8528185,-2.8781154
MsgID.LOCAL_VELOCITY,1515.7830000,0.5184698,0.0568750,-0.1049525
MsgID.GLOBAL_POSITION,0.0000000,-122.3956319,37.7932712,2.8860000
MsgID.LOCAL_VELOCITY,0.0000000,1.8100000,0.1600000,-0.1100000
MsgID.LOCAL_POSITION,1516.0320000,-1.5706291,9.9879007,-2.8862996
MsgID.LOCAL_VELOCITY,1516.0320000,1.8190480,0.1611887,-0.1154063
MsgID.GLOBAL_POSITION,0.0000000,-122.3956304,37.7932750,2.8850000
MsgID.LOCAL_VELOCITY,0.0000000,2.3100000,0.1200000,-0.0600000
MsgID.LOCAL_POSITION,1516.2840000,-1.1435405,10.1230154,-2.8855586
MsgID.LOCAL_VELOCITY,1516.2840000,2.3159504,0.1202149,-0.0693115
MsgID.STATE,0.0000000,True,True,1
MsgID.GLOBAL_HOME,0.0000000,-122.3957443,37.7932853,0.0000000
MsgID.GLOBAL_POSITION,0.0000000,-122.3956305,37.7932806,2.8860000
MsgID.LOCAL_VELOCITY,0.0000000,2.0400000,-0.0300000,-0.0400000
MsgID.LOCAL_POSITION,1516.5330000,-0.5220385,10.1105042,-2.8868992
MsgID.LOCAL_VELOCITY,1516.5330000,2.0432196,-0.0389767,-0.0438970
MsgID.GLOBAL_POSITION,0.0000000,-122.3956315,37.7932858,2.8980000
MsgID.LOCAL_VELOCITY,0.0000000,1.2700000,-0.0700000,-0.0500000
MsgID.LOCAL_POSITION,1516.7840000,0.0515392,10.0201664,-2.8986802
MsgID.LOCAL_VELOCITY,1516.7840000,1.2727209,-0.0776680,-0.0564371
MsgID.GLOBAL_POSITION,0.0000000,-122.3956300,37.7932881,2.9020000
MsgID.LOCAL_VELOCITY,0.0000000,0.4500000,-0.0400000,0.0200000
MsgID.LOCAL_POSITION,1517.0350000,0.3093019,10.1551247,-2.9027734
MsgID.LOCAL_VELOCITY,1517.0350000,0.4532295,-0.0407109,0.0216172
MsgID.GLOBAL_POSITION,0.0000000,-122.3956301,37.7932880,2.8890000
MsgID.LOCAL_VELOCITY,0.0000000,0.1800000,-0.0300000,0.1000000
MsgID.LOCAL_POSITION,1517.2840000,0.2955972,10.1449327,-2.8899469
MsgID.LOCAL_VELOCITY,1517.2840000,0.1889991,-0.0328831,0.1097785
MsgID.STATE,0.0000000,True,True,1
MsgID.GLOBAL_HOME,0.0000000,-122.3957443,37.7932853,0.0000000
MsgID.GLOBAL_POSITION,0.0000000,-122.3956315,37.7932898,2.8870000
MsgID.LOCAL_VELOCITY,0.0000000,0.0300000,-0.0200000,-0.0300000
MsgID.LOCAL_POSITION,1517.5340000,0.4954174,10.0261889,-2.8878796
MsgID.LOCAL_VELOCITY,1517.5340000,0.0347162,-0.0266357,-0.0338616
MsgID.GLOBAL_POSITION,0.0000000,-122.3956316,37.7932889,2.8940000
MsgID.LOCAL_VELOCITY,0.0000000,-0.3900000,-0.0200000,0.0300000
MsgID.LOCAL_POSITION,1517.7850000,0.3996724,10.0188007,-2.8942432
MsgID.LOCAL_VELOCITY,1517.7850000,-0.3962444,-0.0207503,0.0335146
MsgID.GLOBAL_POSITION,0.0000000,-122.3956312,37.7932866,2.8940000
MsgID.LOCAL_VELOCITY,0.0000000,-0.5400000,-0.0100000,0.0100000
MsgID.LOCAL_POSITION,1518.0350000,0.1407779,10.0503826,-2.8945432
MsgID.LOCAL_VELOCITY,1518.0350000,-0.5471247,-0.0118634,0.0103013
MsgID.GLOBAL_POSITION,0.0000000,-122.3956323,37.7932849,2.9060000
MsgID.LOCAL_VELOCITY,0.0000000,-0.2200000,-0.0100000,0.0500000
MsgID.LOCAL_POSITION,1518.2860000,-0.0435332,9.9507103,-2.9062676
MsgID.LOCAL_VELOCITY,1518.2860000,-0.2264278,-0.0100258,0.0541514
MsgID.STATE,0.0000000,True,True,1
MsgID.GLOBAL_HOME,0.0000000,-122.3957443,37.7932853,0.0000000
MsgID.LOCAL_POSITION,1518.5350000,-0.1669786,9.8818550,-2.9020586
MsgID.LOCAL_VELOCITY,1518.5350000,-0.0745376,0.0009108,0.0553802
MsgID.GLOBAL_POSITION,0.0000000,-122.3956331,37.7932838,2.9020000
MsgID.LOCAL_VELOCITY,0.0000000,-0.0700000,0.0000000,0.0500000
MsgID.LOCAL_POSITION,1518.7860000,-0.0764917,10.0425797,-2.9024606
MsgID.LOCAL_VELOCITY,1518.7860000,-0.0432608,0.0109881,0.0272678
MsgID.GLOBAL_POSITION,0.0000000,-122.3956313,37.7932846,2.9020000
MsgID.LOCAL_VELOCITY,0.0000000,-0.0400000,0.0100000,0.0200000
MsgID.GLOBAL_POSITION,0.0000000,-122.3956322,37.7932853,2.8990000
MsgID.LOCAL_VELOCITY,0.0000000,-0.0100000,0.0000000,-0.0300000
MsgID.LOCAL_POSITION,1519.0370000,-0.0028008,9.9665432,-2.8992229
MsgID.LOCAL_VELOCITY,1519.0370000,-0.0173492,0.0078064,-0.0357850
MsgID.GLOBAL_POSITION,0.0000000,-122.3956334,37.7932853,2.8890000
MsgID.LOCAL_VELOCITY,0.0000000,-0.0100000,-0.3200000,0.0000000
MsgID.LOCAL_POSITION,1519.2870000,-0.0057888,9.8554258,-2.8892016
MsgID.LOCAL_VELOCITY,1519.2870000,-0.0157600,-0.3315850,-0.0069974
MsgID.STATE,0.0000000,True,True,1
MsgID.GLOBAL_HOME,0.0000000,-122.3957443,37.7932853,0.0000000
MsgID.GLOBAL_POSITION,0.0000000,-122.3956345,37.7932852,2.8890000
MsgID.LOCAL_VELOCITY,0.0000000,-0.0200000,-1.6800000,-0.0900000
MsgID.LOCAL_POSITION,1519.5370000,-0.0098310,9.7559090,-2.8890221
MsgID.LOCAL_VELOCITY,1519.5370000,-0.0233163,-1.6836555,-0.0900911
MsgID.GLOBAL_POSITION,0.0000000,-122.3956408,37.7932852,2.8890000
MsgID.LOCAL_VELOCITY,0.0000000,-0.0200000,-2.8200000,-0.0600000
MsgID.LOCAL_POSITION,1519.7880000,-0.0174045,9.2004375,-2.8890960
MsgID.LOCAL_VELOCITY,1519.7880000,-0.0291141,-2.8259676,-0.0683247
MsgID.GLOBAL_POSITION,0.0000000,-122.3956509,37.7932848,2.8840000
MsgID.LOCAL_VELOCITY,0.0000000,-0.0300000,-3.9900000,-0.0500000
MsgID.LOCAL_POSITION,1520.0370000,-0.0525037,8.2998600,-2.8844614
MsgID.LOCAL_VELOCITY,1520.0370000,-0.0355860,-3.9973261,-0.0575848
MsgID.GLOBAL_POSITION,0.0000000,-122.3956632,37.7932844,2.8850000
MsgID.LOCAL_VELOCITY,0.0000000,-0.0300000,-5.0200000,-0.0600000
MsgID.LOCAL_POSITION,1520.2880000,-0.0968514,7.2109175,-2.8854940
MsgID.LOCAL_VELOCITY,1520.2880000,-0.0359362,-5.0200458,-0.0617794
MsgID.STATE,0.0000000,True,True,1
MsgID.GLOBAL_HOME,0.0000000,-122.3957443,37.7932853,0.0000000
MsgID.GLOBAL_POSITION,0.0000000,-122.3956793,37.7932841,2.8920000
MsgID.LOCAL_VELOCITY,0.0000000,-0.0200000,-6.0400000,-0.0400000
MsgID.LOCAL_POSITION,1520.5370000,-0.1390131,5.7730913,-2.8927829
MsgID.LOCAL_VELOCITY,1520.5370000,-0.0214045,-6.0425053,-0.0457678
MsgID.GLOBAL_POSITION,0.0000000,-122.3956971,37.7932844,2.8970000
MsgID.LOCAL_VELOCITY,0.0000000,0.0000000,-6.9200000,-0.0100000
MsgID.LOCAL_POSITION,1520.7880000,-0.1055825,4.1914587,-2.8969984
MsgID.LOCAL_VELOCITY,1520.7880000,0.0089018,-6.9227562,-0.0185147
MsgID.GLOBAL_POSITION,0.0000000,-122.3957183,37.7932862,2.8930000
MsgID.LOCAL_VELOCITY,0.0000000,0.0100000,-7.0600000,0.0300000
MsgID.LOCAL_POSITION,1521.0390000,0.0956347,2.3129313,-2.8937235
MsgID.LOCAL_VELOCITY,1521.0390000,0.0102880,-7.0624790,0.0338101
MsgID.GLOBAL_POSITION,0.0000000,-122.3957352,37.7932850,2.8850000
MsgID.LOCAL_VELOCITY,0.0000000,-0.1400000,-5.6100000,-0.0300000
MsgID.LOCAL_POSITION,1521.2890000,-0.0310121,0.8059596,-2.8855829
MsgID.LOCAL_VELOCITY,1521.2890000,-0.1422258,-5.6181827,-0.0373767
MsgID.STATE,0.0000000,True,True,1
MsgID.GLOBAL_HOME,0.0000000,-122.3957443,37.7932853,0.0000000
MsgID.GLOBAL_POSITION,0.0000000,-122.3957503,37.7932835,2.8940000
MsgID.LOCAL_VELOCITY,0.0000000,-0.1600000,-3.9800000,0.0300000
MsgID.LOCAL_POSITION,1521.5400000,-0.1987341,-0.5369337,-2.8946099
MsgID.LOCAL_VELOCITY,1521.5400000,-0.1623727,-3.9864492,0.0301508
MsgID.GLOBAL_POSITION,0.0000000,-122.3957602,37.7932852,2.9000000
MsgID.LOCAL_VELOCITY,0.0000000,-0.0600000,-2.4100000,0.0000000
MsgID.LOCAL_POSITION,1521.7900000,-0.0106071,-1.4120967,-2.9000275
MsgID.LOCAL_VELOCITY,1521.7900000,-0.0679380,-2.4177203,-0.0014339
MsgID.GLOBAL_POSITION,0.0000000,-122.3957634,37.7932855,2.9070000
MsgID.LOCAL_VELOCITY,0.0000000,-0.0600000,-1.0400000,0.1100000
MsgID.LOCAL_POSITION,1522.0400000,0.0219503,-1.7014272,-2.9072187
MsgID.LOCAL_VELOCITY,1522.0400000,-0.0695620,-1.0424824,0.1100891
MsgID.GLOBAL_POSITION,0.0000000,-122.3957640,37.7932850,2.9040000
MsgID.LOCAL_VELOCITY,0.0000000,-0.1200000,0.3200000,0.1300000
MsgID.LOCAL_POSITION,1522.2900000,-0.0392647,-1.7501560,-2.9040895
MsgID.LOCAL_VELOCITY,1522.2900000,-0.1202244,0.3255610,0.1312613
MsgID.STATE,0.0000000,True,True,1
MsgID.GLOBAL_HOME,0.0000000,-122.3957443,37.7932853,0.0000000
MsgID.GLOBAL_POSITION,0.0000000,-122.3957613,37.7932837,2.9060000
MsgID.LOCAL_VELOCITY,0.0000000,-0.1000000,1.5700000,0.1100000
MsgID.LOCAL_POSITION,1522.5400000,-0.1797326,-1.5149870,-2.9064250
MsgID.LOCAL_VELOCITY,1522.5400000,-0.1046391,1.5750046,0.1160365
MsgID.GLOBAL_POSITION,0.0000000,-122.3957572,37.7932844,2.9080000
MsgID.LOCAL_VELOCITY,0.0000000,0.0100000,2.2200000,0.1200000
MsgID.LOCAL_POSITION,1522.7900000,-0.0977892,-1.1466079,-2.9087560
MsgID.LOCAL_VELOCITY,1522.7900000,0.0195741,2.2246654,0.1207887
MsgID.GLOBAL_POSITION,0.0000000,-122.3957503,37.7932843,2.9070000
MsgID.LOCAL_VELOCITY,0.0000000,0.0400000,2.1400000,0.1200000
MsgID.LOCAL_POSITION,1523.0400000,-0.1152967,-0.5348848,-2.9073112
MsgID.LOCAL_VELOCITY,1523.0400000,0.0442716,2.1404281,0.1211033
MsgID.LOCAL_POSITION,1523.2910000,-0.1844926,-0.0257623,-2.9021375
MsgID.LOCAL_VELOCITY,1523.2910000,0.0174438,1.3825170,0.1418450
MsgID.GLOBAL_POSITION,0.0000000,-122.3957446,37.7932837,2.9020000
MsgID.LOCAL_VELOCITY,0.0000000,0.0100000,1.3800000,0.1400000
MsgID.STATE,0.0000000,True,True,1
MsgID.GLOBAL_HOME,0.0000000,-122.3957443,37.7932853,0.0000000
MsgID.GLOBAL_POSITION,0.0000000,-122.3957429,37.7932824,2.8980000
MsgID.LOCAL_VELOCITY,0.0000000,0.0100000,0.6300000,0.0800000
MsgID.LOCAL_POSITION,1523.5420000,-0.3286923,0.1192444,-2.8980885
MsgID.LOCAL_VELOCITY,1523.5420000,0.0199561,0.6311555,0.0805106
MsgID.GLOBAL_POSITION,0.0000000,-122.3957397,37.7932832,2.8970000
MsgID.LOCAL_VELOCITY,0.0000000,0.0300000,0.2400000,0.0000000
MsgID.LOCAL_POSITION,1523.7920000,-0.2330572,0.4091752,-2.8971758
MsgID.LOCAL_VELOCITY,1523.7920000,0.0347497,0.2480733,0.0061822
MsgID.GLOBAL_POSITION,0.0000000,-122.3957387,37.7932838,2.8990000
MsgID.LOCAL_VELOCITY,0.0000000,0.0300000,0.0500000,0.0700000
MsgID.LOCAL_POSITION,1524.0430000,-0.1684209,0.4945153,-2.8997858
MsgID.LOCAL_VELOCITY,1524.0430000,0.0361771,0.0523752,0.0769288
MsgID.GLOBAL_POSITION,0.0000000,-122.3957405,37.7932839,2.8880000
MsgID.LOCAL_VELOCITY,0.0000000,0.0300000,-0.1000000,0.0200000
MsgID.LOCAL_POSITION,1524.2920000,-0.1573744,0.3391502,-2.8887212
MsgID.LOCAL_VELOCITY,1524.2920000,0.0379313,-0.1028648,0.0217157
MsgID.STATE,0.0000000,True,True,1
MsgID.GLOBAL_HOME,0.0000000,-122.3957443,37.7932853,0.0000000
MsgID.GLOBAL_POSITION,0.0000000,-122.3957403,37.7932840,2.8920000
MsgID.LOCAL_VELOCITY,0.0000000,0.0200000,-0.0800000,-0.0200000
MsgID.LOCAL_POSITION,1524.5430000,-0.1502213,0.3535029,-2.8928258
MsgID.LOCAL_VELOCITY,1524.5430000,0.0227601,-0.0856099,-0.0201238
MsgID.GLOBAL_POSITION,0.0000000,-122.3957405,37.7932840,2.8950000
MsgID.LOCAL_VELOCITY,0.0000000,0.0100000,-0.0600000,0.0000000
MsgID.LOCAL_POSITION,1524.7930000,-0.1476214,0.3363252,-2.8950493
MsgID.LOCAL_VELOCITY,1524.7930000,0.0130708,-0.0661658,0.0049377
MsgID.GLOBAL_POSITION,0.0000000,-122.3957410,37.7932837,2.8910000
MsgID.LOCAL_VELOCITY,0.0000000,0.0100000,-0.0500000,0.0100000
MsgID.LOCAL_POSITION,1525.0430000,-0.1849454,0.2908353,-2.8919964
MsgID.LOCAL_VELOCITY,1525.0430000,0.0136154,-0.0594531,0.0169650
MsgID.GLOBAL_POSITION,0.0000000,-122.3957402,37.7932838,2.8880000
MsgID.LOCAL_VELOCITY,0.0000000,0.0100000,-0.0500000,-0.0200000
MsgID.LOCAL_POSITION,1525.2930000,-0.1645080,0.3584182,-2.8883138
MsgID.LOCAL_VELOCITY,1525.2930000,0.0157840,-0.0569010,-0.0261674
MsgID.STATE,0.0000000,True,True,1
MsgID.GLOBAL_HOME,0.0000000,-122.3957443,37.7932853,0.0000000
MsgID.GLOBAL_POSITION,0.0000000,-122.3957393,37.7932844,2.8880000
MsgID.LOCAL_VELOCITY,0.0000000,0.0100000,-0.0500000,-0.0500000
MsgID.LOCAL_POSITION,1525.5450000,-0.1075487,0.4400848,-2.8888004
MsgID.LOCAL_VELOCITY,1525.5450000,0.0156632,-0.0593489,-0.0519591
MsgID.GLOBAL_POSITION,0.0000000,-122.3957407,37.7932839,2.8880000
MsgID.LOCAL_VELOCITY,0.0000000,0.0100000,-0.0600000,-0.0700000
MsgID.LOCAL_POSITION,1525.7940000,-0.1569540,0.3206376,-2.8882692
MsgID.LOCAL_VELOCITY,1525.7940000,0.0113896,-0.0632361,-0.0702906
MsgID.GLOBAL_POSITION,0.0000000,-122.3957407,37.7932828,2.8780000
MsgID.LOCAL_VELOCITY,0.0000000,0.0000000,-0.0600000,-0.0300000
MsgID.LOCAL_POSITION,1526.0450000,-0.2820551,0.3215379,-2.8784211
MsgID.LOCAL_VELOCITY,1526.0450000,0.0097837,-0.0604874,-0.0342063
MsgID.GLOBAL_POSITION,0.0000000,-122.3957418,37.7932828,2.8660000
MsgID.LOCAL_VELOCITY,0.0000000,0.0200000,-0.0500000,-0.1500000
MsgID.LOCAL_POSITION,1526.2940000,-0.2777024,0.2239560,-2.8666508
MsgID.LOCAL_VELOCITY,1526.2940000,0.0205396,-0.0518679,-0.1572007
MsgID.STATE,0.0000000,True,True,1
MsgID.GLOBAL_HOME,0.0000000,-122.3957443,37.7932853,0.0000000
MsgID.GLOBAL_POSITION,0.0000000,-122.3957434,37.7932839,2.8690000
MsgID.LOCAL_VELOCITY,0.0000000,0.0200000,-0.0400000,-0.2100000
MsgID.LOCAL_POSITION,1526.5460000,-0.1610738,0.0761450,-2.8692412
MsgID.LOCAL_VELOCITY,1526.5460000,0.0274741,-0.0440760,-0.2113827
MsgID.GLOBAL_POSITION,0.0000000,-122.3957435,37.7932856,2.8700000
MsgID.LOCAL_VELOCITY,0.0000000,0.0200000,-0.0200000,-0.1900000
MsgID.LOCAL_POSITION,1526.7960000,0.0296531,0.0706605,-2.8702581
MsgID.LOCAL_VELOCITY,1526.7960000,0.0205934,-0.0277655,-0.1953624
MsgID.GLOBAL_POSITION,0.0000000,-122.3957421,37.7932855,2.8750000
MsgID.LOCAL_VELOCITY,0.0000000,0.0000000,-0.0100000,-0.2100000
MsgID.LOCAL_POSITION,1527.0460000,0.0205210,0.1972375,-2.8751996
MsgID.LOCAL_VELOCITY,1527.0460000,-0.0005784,-0.0192977,-0.2116145
MsgID.GLOBAL_POSITION,0.0000000,-122.3957408,37.7932860,2.8860000
MsgID.LOCAL_VELOCITY,0.0000000,-0.0100000,-0.0200000,-0.1500000
MsgID.LOCAL_POSITION,1527.2960000,0.0749386,0.3080234,-2.8861592
MsgID.LOCAL_VELOCITY,1527.2960000,-0.0151864,-0.0261522,-0.1599447
MsgID.STATE,0.0000000,True,True,1
MsgID.GLOBAL_HOME,0.0000000,-122.3957443,37.7932853,0.0000000
MsgID.GLOBAL_POSITION,0.0000000,-122.3957436,37.7932850,2.8870000
MsgID.LOCAL_VELOCITY,0.0000000,-0.0100000,-0.0300000,-0.0500000
MsgID.LOCAL_POSITION,1527.5470000,-0.0363090,0.0606126,-2.8878140
MsgID.LOCAL_VELOCITY,1527.5470000,-0.0194804,-0.0379372,-0.0521469
MsgID.GLOBAL_POSITION,0.0000000,-122.3957424,37.7932844,2.8950000
MsgID.LOCAL_VELOCITY,0.0000000,-0.0100000,-0.0200000,-0.0100000
MsgID.LOCAL_POSITION,1527.7980000,-0.1029697,0.1699911,-2.8951204
MsgID.LOCAL_VELOCITY,1527.7980000,-0.0158566,-0.0276283,-0.0109577
MsgID.GLOBAL_POSITION,0.0000000,-122.3957414,37.7932840,2.7470000
MsgID.LOCAL_VELOCITY,0.0000000,-0.0100000,-0.0200000,1.3300000
MsgID.LOCAL_POSITION,1528.0490000,-0.1518123,0.2542757,-2.7473800
MsgID.LOCAL_VELOCITY,1528.0490000,-0.0112696,-0.0244926,1.3391585
MsgID.GLOBAL_POSITION,0.0000000,-122.3957409,37.7932831,2.3350000
MsgID.LOCAL_VELOCITY,0.0000000,0.0000000,-0.0200000,1.7600000
MsgID.LOCAL_POSITION,1528.2990000,-0.2445952,0.3002003,-2.3354828
MsgID.LOCAL_VELOCITY,1528.2990000,-0.0009420,-0.0217094,1.7665197
MsgID.STATE,0.0000000,True,True,1
MsgID.GLOBAL_HOME,0.0000000,-122.3957443,37.7932853,0.0000000
MsgID.GLOBAL_POSITION,0.0000000,-122.3957414,37.7932843,1.9160000
MsgID.LOCAL_VELOCITY,0.0000000,0.0000000,-0.0100000,1.9500000
MsgID.LOCAL_POSITION,1528.5490000,-0.1124704,0.2522786,-1.9167105
MsgID.LOCAL_VELOCITY,1528.5490000,0.0095057,-0.0191588,1.9583625
MsgID.GLOBAL_POSITION,0.0000000,-122.3957439,37.7932832,1.4240000
MsgID.LOCAL_VELOCITY,0.0000000,0.0100000,-0.0100000,1.9500000
MsgID.LOCAL_POSITION,1528.7990000,-0.2385287,0.0369053,-1.4249597
MsgID.LOCAL_VELOCITY,1528.7990000,0.0117032,-0.0126951,1.9526606
MsgID.GLOBAL_POSITION,0.0000000,-122.3957442,37.7932842,0.9940000
MsgID.LOCAL_VELOCITY,0.0000000,0.0100000,0.0000000,1.9300000
MsgID.LOCAL_POSITION,1529.0490000,-0.1234393,0.0033156,-0.9947612
MsgID.LOCAL_VELOCITY,1529.0490000,0.0157556,0.0004148,1.9348645
MsgID.GLOBAL_POSITION,0.0000000,-122.3957435,37.7932852,0.4930000
MsgID.LOCAL_VELOCITY,0.0000000,0.0100000,0.0100000,1.9800000
MsgID.LOCAL_POSITION,1529.2990000,-0.0081753,0.0689945,-0.4931101
MsgID.LOCAL_VELOCITY,1529.2990000,0.0105012,0.0152429,1.9825636
MsgID.STATE,0.0000000,True,True,1
MsgID.GLOBAL_HOME,0.0000000,-122.3957443,37.7932853,0.0000000
MsgID.GLOBAL_POSITION,0.0000000,-122.3957410,37.7932831,0.0800000
MsgID.LOCAL_VELOCITY,0.0000000,0.0600000,0.0000000,-0.1600000
MsgID.LOCAL_POSITION,1529.5490000,-0.2424933,0.2868409,-0.0807722
MsgID.LOCAL_VELOCITY,1529.5490000,0.0627896,0.0051836,-0.1650608
MsgID.GLOBAL_POSITION,0.0000000,-122.3957410,37.7932839,0.0820000
MsgID.LOCAL_VELOCITY,0.0000000,0.0000000,0.0000000,0.0000000
MsgID.LOCAL_POSITION,1529.8000000,-0.1530411,0.2945606,-0.0822208
MsgID.LOCAL_VELOCITY,1529.8000000,-0.0000012,-0.0000021,-0.0000288
MsgID.GLOBAL_POSITION,0.0000000,-122.3957403,37.7932841,0.0820000
MsgID.LOCAL_VELOCITY,0.0000000,0.0000000,0.0000000,0.0000000
MsgID.LOCAL_POSITION,1530.0500000,-0.1406300,0.3568143,-0.0824739
MsgID.LOCAL_VELOCITY,1530.0500000,0.0000017,-0.0000046,-0.0000676
MsgID.GLOBAL_POSITION,0.0000000,-122.3957421,37.7932837,0.0820000
MsgID.LOCAL_VELOCITY,0.0000000,0.0000000,0.0000000,0.0000000
MsgID.LOCAL_POSITION,1530.2990000,-0.1791828,0.1948471,-0.0822207
MsgID.LOCAL_VELOCITY,1530.2990000,0.0000000,0.0000000,-0.0000000
